-28.499849 -47.651928 12.123205 
-28.125225 -47.743286 12.198950 
-27.714546 -47.756294 12.261433 
-27.289557 -47.743919 12.311747 
-26.871979 -47.759087 12.350985 
-26.490839 -47.821236 12.370753 
-26.109911 -47.901871 12.375254 
-25.729046 -47.973385 12.378108 
-25.348116 -48.008171 12.392935 
-24.940460 -47.991058 12.455495 
-24.526251 -47.938354 12.547287 
-24.125080 -47.870598 12.603901 
-23.756519 -47.808350 12.560934 
-23.449186 -47.764832 12.387341 
-23.171535 -47.724670 12.120799 
-22.908592 -47.673969 11.818392 
-22.645401 -47.598831 11.537194 
-22.368183 -47.500694 11.278574 
-22.091686 -47.386173 11.019962 
-21.828230 -47.243851 10.768013 
-21.590132 -47.062298 10.529383 
-21.354666 -46.797775 10.282639 
-21.144863 -46.484581 10.052761 
-20.955740 -46.148701 9.826762 
-20.782293 -45.816109 9.591648 
-20.642160 -45.521271 9.365721 
-20.520151 -45.221367 9.133712 
-20.409048 -44.917007 8.900860 
-20.301636 -44.608795 8.672403 
-20.200056 -44.303604 8.447418 
-20.105654 -43.995789 8.221596 
-20.014904 -43.681263 8.005276 
-19.924295 -43.355949 7.808800 
-19.820684 -42.992035 7.613274 
-19.715029 -42.618027 7.431174 
-19.617704 -42.233624 7.275396 
-19.539055 -41.838512 7.158835 
-19.483685 -41.436111 7.090045 
-19.444450 -41.020538 7.058848 
-19.417774 -40.600090 7.055258 
-19.400084 -40.183037 7.069285 
-19.398094 -39.768154 7.111756 
-19.411283 -39.354271 7.183507 
-19.424887 -38.940311 7.260021 
-19.424147 -38.525208 7.316774 
-19.417698 -38.108246 7.367429 
-19.409164 -37.682747 7.419225 
-19.377289 -37.272034 7.434912 
-19.300823 -36.899467 7.377236 
-19.148844 -36.563984 7.205883 
-18.943918 -36.271103 6.952741 
-18.725389 -35.989754 6.669015 
-18.532585 -35.688877 6.405910 
-18.383047 -35.384857 6.189928 
-18.244915 -35.071224 5.978107 
-18.119106 -34.751266 5.767862 
-18.006535 -34.428288 5.556607 
-17.912409 -34.106552 5.343535 
-17.833731 -33.780857 5.128528 
-17.762520 -33.450836 4.916954 
-17.690802 -33.116112 4.714189 
-17.610781 -32.761589 4.507139 
-17.531115 -32.403358 4.304446 
-17.457512 -32.038139 4.115126 
-17.395681 -31.662647 3.948197 
-17.348450 -31.306046 3.841648 
-17.307774 -30.933460 3.766513 
-17.280422 -30.568264 3.680474 
-17.273157 -30.233837 3.541212 
-17.309088 -29.933720 3.318419 
-17.377764 -29.663174 3.043880 
-17.436087 -29.404520 2.751886 
-17.440966 -29.140091 2.476727 
-17.369442 -28.870159 2.197145 
-17.248278 -28.606277 1.908602 
-17.106710 -28.330643 1.654530 
-16.973959 -28.025452 1.478359 
-16.855488 -27.678795 1.409578 
-16.736425 -27.302408 1.418966 
-16.615780 -26.914669 1.462154 
-16.492554 -26.533955 1.494780 
-16.357973 -26.148022 1.503694 
-16.218735 -25.762899 1.512769 
-16.081799 -25.378960 1.534715 
-15.954121 -24.996567 1.582238 
-15.837724 -24.603777 1.667568 
-15.731491 -24.212349 1.780086 
-15.626397 -23.822603 1.904252 
-15.513412 -23.434858 2.024533 
-15.391440 -23.065538 2.125923 
-15.261298 -22.697006 2.223790 
-15.133531 -22.332319 2.332403 
-15.018681 -21.974541 2.466036 
-14.925270 -21.639837 2.618596 
-14.841761 -21.308853 2.790356 
-14.765174 -20.987162 2.981298 
-14.692530 -20.680336 3.191408 
-14.631988 -20.365107 3.453904 
-14.586888 -20.065952 3.745322 
-14.527084 -19.777290 4.041742 
-14.422431 -19.493538 4.319242 
-14.266689 -19.239716 4.558535 
-14.070598 -18.996540 4.789231 
-13.858053 -18.750971 5.006562 
-13.652944 -18.489971 5.205753 
-13.453674 -18.217615 5.377853 
-13.247619 -17.934891 5.530668 
-13.053589 -17.640305 5.673390 
-12.890399 -17.332369 5.815214 
-12.750723 -16.977152 5.959160 
-12.637373 -16.602516 6.092333 
-12.550895 -16.225113 6.234227 
-12.491838 -15.861584 6.404334 
-12.486897 -15.506647 6.642349 
-12.529001 -15.164932 6.921546 
-12.562233 -14.822825 7.186316 
-12.530680 -14.466713 7.381052 
-12.435665 -14.139688 7.480205 
-12.297759 -13.795701 7.537308 
-12.129077 -13.461725 7.548430 
-11.941725 -13.164736 7.509639 
-11.660171 -12.872279 7.353469 
-11.333055 -12.633693 7.106951 
-11.011605 -12.392740 6.858188 
-10.747037 -12.093187 6.695285 
-10.558370 -11.728297 6.651860 
-10.409288 -11.316732 6.673448 
-10.295476 -10.883947 6.727398 
-10.212621 -10.455398 6.781058 
-10.186123 -10.073868 6.836013 
-10.202817 -9.686745 6.908340 
-10.220783 -9.299307 6.974586 
-10.198099 -8.916835 7.011298 
-10.141888 -8.501951 7.014607 
-10.068350 -8.064075 6.996293 
-9.949652 -7.681775 6.956255 
-9.757958 -7.433619 6.894399 
-9.462313 -7.372710 6.804976 
-9.085934 -7.447224 6.690102 
-8.678997 -7.576237 6.560472 
-8.291684 -7.678823 6.426783 
-7.914893 -7.763540 6.270915 
-7.542661 -7.861240 6.098711 
-7.170476 -7.934708 5.935050 
-6.793826 -7.946726 5.804806 
-6.372299 -7.890265 5.701785 
-5.934418 -7.783589 5.621503 
-5.519903 -7.622583 5.575033 
-5.168475 -7.403128 5.573443 
-4.896372 -7.115534 5.621156 
-4.671117 -6.759768 5.711335 
-4.495787 -6.375906 5.835262 
-4.373463 -6.004030 5.984220 
-4.357954 -5.659813 6.173138 
-4.424371 -5.306857 6.405884 
-4.473974 -4.967487 6.630000 
-4.408020 -4.664030 6.793023 
-4.174689 -4.406467 6.869459 
-3.836019 -4.185202 6.889233 
-3.455665 -3.978279 6.889181 
-3.097281 -3.763750 6.906143 
-2.793271 -3.553370 6.940176 
-2.489419 -3.342554 6.976414 
-2.187350 -3.131794 7.021458 
-1.888691 -2.921591 7.081905 
-1.590253 -2.672674 7.181409 
-1.298914 -2.402502 7.307903 
-1.002261 -2.176048 7.421326 
-0.687882 -2.058273 7.481620 
-0.309886 -2.123325 7.451660 
0.087014 -2.327423 7.357044 
0.491528 -2.544334 7.258779 
0.892367 -2.647827 7.217870 
1.278178 -2.605494 7.247995 
1.671367 -2.486855 7.316487 
2.050049 -2.317854 7.413575 
2.392342 -2.124432 7.529488 
2.661536 -1.868477 7.685838 
2.891603 -1.545479 7.883236 
3.117183 -1.262531 8.061334 
3.372916 -1.126741 8.159784 
3.687394 -1.217554 8.139708 
4.022823 -1.467611 8.036104 
4.376255 -1.758015 7.907889 
4.744741 -1.969860 7.813986 
5.128762 -2.084082 7.753596 
5.535695 -2.162857 7.699554 
5.943663 -2.198792 7.675683 
6.330788 -2.184490 7.705801 
6.687810 -2.065527 7.836465 
7.033241 -1.863419 8.041851 
7.362112 -1.687479 8.232861 
7.669454 -1.647022 8.320393 
7.954163 -1.815136 8.244509 
8.206181 -2.120289 8.061584 
8.460375 -2.466385 7.858088 
8.751610 -2.757317 7.720494 
9.072424 -2.963091 7.671442 
9.421857 -3.146770 7.660359 
9.785649 -3.309488 7.677780 
10.149535 -3.452370 7.714243 
10.541612 -3.544014 7.797321 
10.957087 -3.593622 7.921926 
11.340424 -3.666214 8.030564 
11.636082 -3.826805 8.065741 
11.803652 -4.148449 7.978105 
11.862608 -4.568016 7.807585 
11.912083 -5.009156 7.624853 
12.051219 -5.395509 7.500581 
12.293794 -5.690945 7.452735 
12.598938 -5.959053 7.438754 
12.936415 -6.200221 7.454125 
13.275989 -6.414841 7.494339 
13.646942 -6.570364 7.591358 
14.055751 -6.679468 7.736752 
14.424892 -6.802429 7.863392 
14.676847 -6.999516 7.904155 
14.751008 -7.291355 7.816964 
14.706885 -7.648036 7.646408 
14.632998 -8.032585 7.457431 
14.617869 -8.408026 7.314982 
14.679782 -8.798923 7.218942 
14.772703 -9.198884 7.145528 
14.896776 -9.590967 7.106104 
15.052147 -9.958229 7.112033 
15.257668 -10.276022 7.199994 
15.509417 -10.566481 7.352552 
15.760012 -10.855577 7.497369 
15.962070 -11.169279 7.562107 
16.092886 -11.495486 7.535428 
16.193447 -11.846916 7.456852 
16.265646 -12.191188 7.330155 
16.311367 -12.495915 7.159115 
16.320869 -12.775675 6.893435 
16.291124 -13.012661 6.561411 
16.247561 -13.237270 6.206745 
16.215612 -13.479901 5.873141 
16.192675 -13.758530 5.547350 
16.169085 -14.044312 5.225960 
16.156738 -14.340757 4.916325 
16.167540 -14.651379 4.625796 
16.196274 -14.948778 4.374367 
16.239832 -15.259451 4.133843 
16.305950 -15.578973 3.916838 
16.402359 -15.902920 3.735968 
16.542418 -16.263191 3.590304 
16.713804 -16.634768 3.484325 
16.912075 -17.002796 3.402132 
17.132784 -17.352430 3.327829 
17.368996 -17.637691 3.289816 
17.641558 -17.908491 3.278569 
17.904537 -18.172728 3.248596 
18.111992 -18.438301 3.154411 
18.258350 -18.726997 2.949760 
18.353325 -19.011465 2.675951 
18.419321 -19.300140 2.379769 
18.478739 -19.601454 2.108002 
18.526505 -19.924736 1.863284 
18.553394 -20.259401 1.627075 
18.579107 -20.601336 1.400802 
18.623335 -20.946419 1.185891 
18.683918 -21.281679 0.997715 
18.754389 -21.624369 0.823360 
18.839188 -21.965107 0.652430 
18.942760 -22.294518 0.474520 
19.106409 -22.685421 0.235293 
19.297880 -23.061853 -0.011705 
19.498791 -23.436350 -0.256381 
19.690741 -23.821451 -0.488637 
19.855650 -24.184689 -0.691713 
20.018129 -24.553246 -0.888780 
20.177704 -24.928799 -1.073007 
20.333916 -25.313015 -1.237576 
20.464708 -25.652300 -1.354441 
20.592701 -26.000185 -1.452214 
20.718040 -26.351704 -1.543486 
20.840872 -26.701893 -1.640841 
20.966625 -27.066439 -1.748822 
21.089703 -27.431921 -1.857247 
21.210114 -27.796543 -1.970702 
21.327864 -28.158516 -2.093775 
21.443525 -28.507702 -2.236733 
21.558210 -28.852257 -2.395451 
21.666990 -29.200012 -2.546514 
21.764921 -29.558807 -2.666504 
21.869732 -30.008913 -2.773796 
21.964209 -30.471746 -2.856504 
22.046171 -30.939514 -2.904466 
22.113430 -31.404417 -2.907516 
22.178516 -31.985441 -2.833149 
22.225481 -32.566029 -2.693456 
22.255798 -33.146492 -2.527290 
22.270935 -33.727142 -2.373514 
22.268000 -34.199863 -2.289865 
22.250622 -34.681969 -2.221033 
22.225006 -35.145504 -2.121237 
22.197351 -35.562515 -1.944692 
22.165562 -35.937023 -1.646320 
22.128447 -36.263939 -1.267971 
22.088963 -36.567997 -0.854512 
22.050076 -36.873913 -0.450830 
22.012535 -37.117985 -0.142089 
21.969612 -37.355015 0.172521 
21.936522 -37.590965 0.487719 
21.928467 -37.831806 0.798219 
21.965168 -38.105152 1.138714 
22.034084 -38.380737 1.476487 
22.105297 -38.661545 1.809895 
22.148888 -38.950565 2.137298 
22.161419 -39.185802 2.417360 
22.162062 -39.422806 2.706155 
22.143557 -39.673836 2.964205 
22.098637 -39.951126 3.152033 
22.002768 -40.296021 3.241765 
21.869736 -40.671547 3.247421 
21.732023 -41.058884 3.233300 
21.622107 -41.439220 3.263701 
21.545811 -41.817837 3.354075 
21.487986 -42.196861 3.470080 
21.445055 -42.572838 3.605340 
21.413446 -42.942314 3.753473 
21.391500 -43.305813 3.919798 
21.381538 -43.663010 4.104749 
21.385403 -44.016647 4.297757 
21.404921 -44.369476 4.488252 
21.443497 -44.715324 4.661516 
21.499453 -45.062714 4.831154 
21.564320 -45.402008 5.010976 
21.629610 -45.723595 5.214790 
21.694548 -46.027275 5.450283 
21.762842 -46.315662 5.707673 
21.834261 -46.590767 5.979906 
21.908569 -46.854637 6.259922 
21.983404 -47.120380 6.556982 
22.058031 -47.376656 6.865053 
22.142281 -47.614899 7.182534 
22.245993 -47.826553 7.507832 
22.364355 -48.015205 7.865893 
22.492346 -48.178566 8.241949 
22.651255 -48.318924 8.607899 
22.862366 -48.438560 8.935639 
23.126303 -48.523766 9.207621 
23.440145 -48.582542 9.453300 
23.782618 -48.633015 9.669458 
24.132439 -48.693314 9.852877 
24.495960 -48.776314 9.995978 
24.876915 -48.868935 10.100568 
25.267038 -48.953850 10.185627 
25.658075 -49.013748 10.270138 
26.039537 -49.043663 10.366186 
26.425716 -49.054073 10.463112 
26.813150 -49.047363 10.538229 
27.198372 -49.025917 10.568852 
27.579714 -48.995945 10.534870 
27.961906 -48.954227 10.453331 
28.339268 -48.889893 10.357248 
28.706110 -48.792076 10.279640 
29.052526 -48.656933 10.233242 
29.391071 -48.488953 10.197948 
29.720215 -48.299511 10.162239 
30.038414 -48.099964 10.114599 
30.362505 -47.877808 10.050659 
30.675468 -47.639168 9.978844 
30.977646 -47.389484 9.897138 
31.269363 -47.134205 9.803528 
31.563871 -46.872570 9.693747 
31.852507 -46.605846 9.571341 
32.120533 -46.326614 9.439788 
32.353233 -46.027435 9.302572 
32.557201 -45.672188 9.150534 
32.723267 -45.292747 8.992598 
32.866199 -44.904900 8.824255 
33.000763 -44.524445 8.640991 
33.119831 -44.183910 8.453397 
33.226826 -43.846260 8.250772 
33.321167 -43.508717 8.041058 
33.402225 -43.168495 7.832198 
33.471230 -42.849815 7.633664 
33.531948 -42.530582 7.429634 
33.572666 -42.207550 7.231577 
33.581669 -41.877468 7.050962 
33.552883 -41.467438 6.862149 
33.491329 -41.045784 6.692124 
33.395664 -40.626007 6.533317 
33.264526 -40.221596 6.378154 
33.112530 -39.875496 6.242764 
32.926956 -39.537628 6.113175 
32.715099 -39.212288 5.988443 
32.484234 -38.903759 5.867621 
32.227909 -38.607315 5.744177 
31.947992 -38.326920 5.622392 
31.649645 -38.061531 5.510224 
31.338001 -37.810120 5.415627 
30.966118 -37.569748 5.374962 
30.550257 -37.344360 5.373519 
30.176689 -37.132599 5.339038 
29.931675 -36.933109 5.199263 
29.869602 -36.763992 4.919126 
29.927521 -36.614494 4.538947 
30.033297 -36.462456 4.124636 
30.114801 -36.285721 3.742105 
30.162748 -36.090645 3.407021 
30.213272 -35.881104 3.077240 
30.257980 -35.650242 2.765326 
30.288492 -35.391190 2.483843 
30.303026 -35.076412 2.221174 
30.304455 -34.729416 1.988645 
30.295553 -34.363899 1.779901 
30.279104 -33.993549 1.588592 
30.255154 -33.612148 1.417543 
30.222544 -33.218861 1.270446 
30.181490 -32.820793 1.134883 
30.132187 -32.425049 0.998437 
30.079334 -32.065079 0.868840 
30.018822 -31.705202 0.741167 
29.950729 -31.345028 0.618617 
29.875139 -30.984188 0.504395 
29.789698 -30.609489 0.398330 
29.696722 -30.233414 0.301609 
29.595503 -29.858402 0.208698 
29.485323 -29.486885 0.114063 
29.359350 -29.130398 0.016866 
29.218639 -28.778589 -0.081577 
29.081816 -28.425303 -0.177178 
28.967512 -28.064383 -0.265844 
28.888380 -27.694971 -0.349419 
28.831459 -27.318619 -0.429467 
28.778746 -26.939501 -0.499959 
28.712233 -26.561787 -0.554872 
28.621449 -26.171272 -0.588432 
28.519815 -25.780903 -0.603676 
28.415554 -25.390284 -0.613203 
28.316908 -24.999016 -0.629622 
28.229227 -24.611156 -0.659255 
28.146299 -24.222422 -0.694564 
28.062365 -23.833908 -0.726494 
27.971664 -23.446716 -0.745993 
27.864943 -23.053076 -0.745350 
27.749289 -22.661224 -0.730852 
27.636612 -22.268726 -0.715152 
27.538822 -21.873154 -0.710917 
27.475092 -21.502800 -0.733320 
27.428427 -21.127712 -0.771595 
27.377701 -20.755852 -0.798074 
27.301783 -20.395174 -0.785081 
27.182646 -20.030266 -0.711386 
27.038782 -19.677143 -0.596831 
26.886667 -19.327576 -0.467827 
26.742788 -18.973347 -0.350783 
26.611418 -18.615936 -0.266624 
26.481520 -18.252531 -0.194877 
26.356684 -17.895489 -0.107542 
26.240498 -17.557159 0.023380 
26.122437 -17.203896 0.223314 
26.011990 -16.863209 0.463140 
25.910843 -16.545376 0.735837 
25.820663 -16.260681 1.034384 
25.743534 -16.036945 1.347164 
25.674109 -15.848169 1.692768 
25.618589 -15.673080 2.052063 
25.583174 -15.490396 2.405915 
25.573328 -15.319273 2.770919 
25.583818 -15.159685 3.155557 
25.606447 -14.975558 3.503662 
25.633028 -14.730816 3.759075 
25.677914 -14.396438 3.874215 
25.739937 -13.998472 3.889527 
25.787775 -13.581594 3.882098 
25.790110 -13.190479 3.929018 
25.738537 -12.827096 4.044881 
25.649796 -12.469705 4.190795 
25.530722 -12.132780 4.362141 
25.388165 -11.830800 4.554305 
25.194628 -11.576808 4.803875 
24.961111 -11.372004 5.093800 
24.725777 -11.164423 5.373973 
24.526777 -10.902104 5.594289 
24.309189 -10.445446 5.810966 
24.117254 -9.924389 5.979027 
23.968641 -9.382210 6.071413 
23.881023 -8.862192 6.061068 
23.890095 -8.504558 5.937433 
23.957684 -8.156301 5.720037 
24.030586 -7.806458 5.482102 
24.055618 -7.444062 5.296851 
24.021837 -7.067773 5.170141 
23.956718 -6.677801 5.065188 
23.865747 -6.289066 4.999764 
23.754393 -5.916492 4.991645 
23.610451 -5.526340 5.055038 
23.440464 -5.141926 5.178567 
23.250896 -4.782137 5.347628 
23.048189 -4.465864 5.547619 
22.825953 -4.199335 5.796768 
22.586807 -3.977770 6.092430 
22.334415 -3.780867 6.405274 
22.072424 -3.588326 6.705968 
21.810818 -3.438282 6.998589 
21.524118 -3.310272 7.317954 
21.259089 -3.167547 7.577572 
21.062475 -2.973356 7.690958 
20.952391 -2.672943 7.595381 
20.916399 -2.314791 7.340907 
20.907856 -1.941751 7.013940 
20.880112 -1.596670 6.700892 
20.838219 -1.306667 6.412528 
20.799934 -1.035030 6.099996 
20.743908 -0.766081 5.792893 
20.648767 -0.484150 5.520819 
20.507113 -0.175261 5.279699 
20.331974 0.145554 5.060953 
20.126118 0.466204 4.874290 
19.892324 0.774576 4.729424 
19.637285 1.055569 4.628807 
19.349228 1.331272 4.561233 
19.045559 1.594248 4.536635 
18.743677 1.837053 4.564942 
18.430182 2.073290 4.660614 
18.110239 2.294537 4.814168 
17.790632 2.490389 5.007216 
17.478130 2.650434 5.221375 
17.179684 2.765837 5.450269 
16.883287 2.847826 5.708299 
16.596863 2.902740 5.987139 
16.328333 2.936899 6.278463 
16.096081 2.927265 6.615405 
15.891903 2.878443 6.989140 
15.677708 2.838858 7.335433 
15.415415 2.856924 7.590055 
15.089619 2.951731 7.740250 
14.713299 3.096142 7.827689 
14.337304 3.259451 7.840745 
14.012479 3.410961 7.767785 
13.753450 3.553267 7.553785 
13.545987 3.693419 7.223836 
13.344506 3.832882 6.863902 
13.103427 3.973116 6.559949 
12.826916 4.112238 6.319346 
12.524193 4.255625 6.090899 
12.204891 4.391289 5.915405 
11.878652 4.507236 5.833661 
11.489920 4.606913 5.907704 
11.087825 4.681505 6.109910 
10.676967 4.751316 6.336028 
10.261949 4.836637 6.481808 
9.755976 4.970480 6.533974 
9.240131 5.120775 6.527884 
8.723556 5.269613 6.474414 
8.215392 5.399103 6.384438 
7.837856 5.486748 6.259922 
7.467173 5.567850 6.085319 
7.095109 5.631279 5.918669 
6.713428 5.665916 5.818012 
6.299317 5.663540 5.792965 
5.871823 5.630989 5.816461 
5.449851 5.581223 5.887082 
5.052304 5.527195 6.003415 
4.725814 5.466002 6.199540 
4.422495 5.390247 6.470304 
4.122290 5.320202 6.717813 
3.805135 5.276152 6.844171 
3.441580 5.269783 6.795593 
3.064700 5.290133 6.628102 
2.681627 5.318602 6.415152 
2.299499 5.336586 6.230200 
1.917048 5.347855 6.061888 
1.532534 5.359386 5.881751 
1.147827 5.357498 5.735847 
0.764800 5.328508 5.670232 
0.395693 5.265266 5.733994 
0.028178 5.175756 5.888846 
-0.339443 5.073116 6.050664 
-0.708867 4.970470 6.135333 
-1.196439 4.829294 6.127718 
-1.693678 4.674105 6.057725 
-2.176330 4.530127 5.923934 
-2.620138 4.422588 5.724916 
-2.939089 4.384048 5.454862 
-3.218556 4.381258 5.099152 
-3.498933 4.378099 4.750434 
-3.820610 4.338488 4.501358 
-4.187153 4.258743 4.386410 
-4.589570 4.154726 4.345575 
-4.999873 4.029373 4.353212 
-5.390077 3.885616 4.383676 
-5.770123 3.716185 4.433967 
-6.142448 3.524515 4.516451 
-6.497054 3.317644 4.631148 
-6.823942 3.102591 4.778084 
-7.076574 2.888901 4.990669 
-7.300841 2.654257 5.267911 
-7.517203 2.433628 5.501266 
-7.746114 2.261990 5.582185 
-8.003928 2.152040 5.432123 
-8.265294 2.091915 5.121627 
-8.537930 2.051815 4.759311 
-8.829556 2.001949 4.453786 
-9.158204 1.948782 4.210954 
-9.508220 1.904797 3.986226 
-9.866345 1.842958 3.789054 
-10.219312 1.736233 3.628885 
-10.600294 1.565088 3.493888 
-10.987534 1.352947 3.392058 
-11.359896 1.107437 3.332741 
-11.696249 0.836195 3.325271 
-12.018308 0.506569 3.379292 
-12.311442 0.138540 3.488778 
-12.569098 -0.243803 3.644359 
-12.784719 -0.616371 3.836663 
-12.929277 -0.942144 4.053975 
-13.029959 -1.266880 4.314900 
-13.110113 -1.588955 4.596871 
-13.193087 -1.906752 4.877308 
-13.253827 -2.216906 5.184509 
-13.292943 -2.529922 5.526295 
-13.361025 -2.826462 5.816157 
-13.508662 -3.087208 5.967587 
-13.762823 -3.297974 5.939079 
-14.095977 -3.479471 5.787452 
-14.451381 -3.635120 5.566992 
-14.772290 -3.768337 5.331991 
-15.056719 -3.859962 5.054453 
-15.320253 -3.909832 4.726149 
-15.576444 -3.968870 4.396426 
-15.838837 -4.088009 4.114635 
-16.139177 -4.297152 3.862729 
-16.446737 -4.557219 3.639156 
-16.745323 -4.855015 3.460823 
-17.018751 -5.177343 3.344636 
-17.243628 -5.502049 3.306880 
-17.450521 -5.859420 3.326921 
-17.639128 -6.230890 3.386521 
-17.809172 -6.597898 3.467439 
-17.945116 -6.922201 3.557672 
-18.064945 -7.250062 3.673441 
-18.167475 -7.575426 3.811600 
-18.251507 -7.892227 3.968998 
-18.322762 -8.217588 4.161087 
-18.376158 -8.535821 4.378290 
-18.407701 -8.847510 4.609784 
-18.413397 -9.153244 4.844746 
-18.354063 -9.453827 5.114524 
-18.244427 -9.746580 5.411910 
-18.161068 -10.036343 5.675529 
-18.180550 -10.327950 5.844016 
-18.341969 -10.640087 5.895365 
-18.598143 -10.962622 5.863142 
-18.898838 -11.265070 5.772026 
-19.193796 -11.516948 5.646697 
-19.507547 -11.704933 5.457463 
-19.838751 -11.831964 5.208630 
-20.171000 -11.949021 4.940483 
-20.487885 -12.107078 4.693308 
-20.768265 -12.295597 4.483157 
-21.042694 -12.504303 4.274842 
-21.301636 -12.739081 4.083727 
-21.535568 -13.005819 3.925168 
-21.757877 -13.324944 3.798324 
-21.961622 -13.679905 3.701251 
-22.134235 -14.056958 3.630398 
-22.263155 -14.442347 3.582214 
-22.337414 -14.840831 3.581720 
-22.366568 -15.257753 3.622018 
-22.367804 -15.676435 3.652054 
-22.358309 -16.080193 3.620771 
-22.329369 -16.436396 3.525232 
-22.276691 -16.787586 3.387007 
-22.226604 -17.123266 3.213339 
-22.205423 -17.432941 3.011469 
-22.220259 -17.704050 2.756416 
-22.257246 -17.941910 2.455339 
-22.311350 -18.177612 2.152922 
-22.377544 -18.442259 1.893848 
-22.453819 -18.744879 1.688556 
-22.543344 -19.069908 1.512527 
-22.647367 -19.405455 1.362720 
-22.767145 -19.739622 1.236088 
-22.926485 -20.118551 1.117859 
-23.106306 -20.501446 1.027482 
-23.297644 -20.885258 0.964197 
-23.491537 -21.266937 0.927242 
-23.676329 -21.608772 0.916147 
-23.871843 -21.949074 0.928168 
-24.060936 -22.289417 0.966048 
-24.226444 -22.631374 1.032534 
-24.365414 -22.980267 1.126427 
-24.486813 -23.334368 1.247026 
-24.589943 -23.681313 1.397015 
-24.674097 -24.008739 1.579078 
-24.722868 -24.326525 1.801684 
-24.741213 -24.633949 2.059328 
-24.763443 -24.915283 2.341679 
-24.823879 -25.154787 2.638406 
-24.916811 -25.324860 2.980208 
-25.030537 -25.448095 3.368685 
-25.179888 -25.559471 3.715222 
-25.379702 -25.693970 3.931215 
-25.656372 -25.861982 3.956982 
-25.991886 -26.042416 3.848634 
-26.349190 -26.233128 3.699014 
-26.691238 -26.431978 3.600965 
-27.041513 -26.650135 3.570929 
-27.392635 -26.875301 3.565212 
-27.732700 -27.114973 3.577301 
-28.049795 -27.376654 3.600679 
-28.355923 -27.673512 3.628518 
-28.646391 -27.993052 3.665738 
-28.909594 -28.327394 3.725709 
-29.133938 -28.668667 3.821801 
-29.302063 -28.994442 3.956575 
-29.435511 -29.330639 4.127140 
-29.540407 -29.672731 4.314714 
-29.622892 -30.016207 4.500516 
-29.691521 -30.406384 4.699978 
-29.732969 -30.803221 4.902491 
-29.746664 -31.196434 5.113966 
-29.732046 -31.575737 5.340317 
-29.688347 -31.902031 5.563452 
-29.616018 -32.217491 5.801208 
-29.524759 -32.526234 6.044675 
-29.424269 -32.832382 6.284943 
-29.318920 -33.142250 6.524671 
-29.203571 -33.449718 6.765271 
-29.070440 -33.749950 7.003431 
-28.911737 -34.038116 7.235835 
-28.697165 -34.277771 7.457093 
-28.430550 -34.501953 7.685489 
-28.205767 -34.728737 7.887004 
-28.116682 -34.976181 8.027619 
-28.227196 -35.298557 8.091931 
-28.483488 -35.645432 8.085711 
-28.807310 -35.993660 8.050108 
-29.120407 -36.320091 8.026267 
-29.390255 -36.580303 8.012352 
-29.681198 -36.822014 7.990525 
-29.971167 -37.062943 7.979283 
-30.238108 -37.320812 7.997120 
-30.499912 -37.622326 8.059843 
-30.745602 -37.936028 8.153085 
-30.972527 -38.261238 8.259827 
-31.178040 -38.597286 8.363047 
-31.367332 -38.952797 8.460207 
-31.537167 -39.321075 8.558545 
-31.683168 -39.697632 8.661105 
-31.800957 -40.077995 8.770926 
-31.890577 -40.457634 8.883167 
-31.955864 -40.845573 8.999682 
-31.991335 -41.232460 9.125978 
-31.991508 -41.608932 9.267565 
-31.942663 -41.982975 9.437016 
-31.851488 -42.347504 9.624547 
-31.741125 -42.708435 9.817661 
-31.634724 -43.071693 10.003867 
-31.547081 -43.414383 10.166166 
-31.458496 -43.759163 10.324527 
-31.361345 -44.100739 10.483129 
-31.247995 -44.433830 10.646162 
-31.126669 -44.752785 10.817853 
-30.996252 -45.067135 10.997532 
-30.844027 -45.370991 11.170122 
-30.657267 -45.658451 11.320545 
-30.206255 -46.231461 11.568835 
-29.692593 -46.796345 11.780107 
-29.121912 -47.290649 11.962261 
-28.499849 -47.651928 12.123205 
